50 1225 0 1
0 1 849
0 2 253
0 3 731
0 4 210
0 5 395
0 6 485
0 7 197
0 8 678
0 9 546
0 10 923
0 11 719
0 12 336
0 13 215
0 14 70
0 15 445
0 16 399
0 17 295
0 18 729
0 19 792
0 20 25
0 21 117
0 22 962
0 23 186
0 24 478
0 25 301
0 26 75
0 27 891
0 28 538
0 29 33
0 30 4
0 31 246
0 32 558
0 33 40
0 34 255
0 35 772
0 36 64
0 37 498
0 38 251
0 39 976
0 40 766
0 41 61
0 42 930
0 43 113
0 44 127
0 45 732
0 46 51
0 47 652
0 48 491
0 49 843
1 2 913
1 3 759
1 4 374
1 5 820
1 6 689
1 7 191
1 8 329
1 9 428
1 10 808
1 11 203
1 12 280
1 13 654
1 14 634
1 15 167
1 16 261
1 17 911
1 18 724
1 19 602
1 20 332
1 21 417
1 22 788
1 23 751
1 24 205
1 25 449
1 26 364
1 27 880
1 28 733
1 29 57
1 30 354
1 31 663
1 32 653
1 33 670
1 34 587
1 35 283
1 36 729
1 37 3
1 38 699
1 39 177
1 40 458
1 41 924
1 42 734
1 43 856
1 44 941
1 45 411
1 46 683
1 47 75
1 48 10
1 49 991
2 3 35
2 4 851
2 5 454
2 6 576
2 7 983
2 8 355
2 9 714
2 10 333
2 11 391
2 12 515
2 13 689
2 14 942
2 15 500
2 16 941
2 17 933
2 18 730
2 19 15
2 20 955
2 21 419
2 22 50
2 23 839
2 24 703
2 25 546
2 26 604
2 27 751
2 28 769
2 29 248
2 30 785
2 31 557
2 32 860
2 33 814
2 34 655
2 35 645
2 36 73
2 37 23
2 38 552
2 39 876
2 40 3
2 41 396
2 42 649
2 43 333
2 44 898
2 45 147
2 46 60
2 47 319
2 48 265
2 49 300
3 4 822
3 5 381
3 6 519
3 7 226
3 8 194
3 9 573
3 10 873
3 11 888
3 12 364
3 13 602
3 14 14
3 15 10
3 16 334
3 17 586
3 18 722
3 19 63
3 20 431
3 21 160
3 22 436
3 23 710
3 24 767
3 25 587
3 26 760
3 27 742
3 28 557
3 29 893
3 30 293
3 31 644
3 32 929
3 33 565
3 34 328
3 35 568
3 36 666
3 37 718
3 38 800
3 39 248
3 40 817
3 41 214
3 42 712
3 43 164
3 44 20
3 45 183
3 46 280
3 47 721
3 48 308
3 49 409
4 5 547
4 6 535
4 7 928
4 8 38
4 9 954
4 10 571
4 11 799
4 12 157
4 13 840
4 14 389
4 15 993
4 16 624
4 17 581
4 18 98
4 19 455
4 20 606
4 21 676
4 22 707
4 23 63
4 24 441
4 25 772
4 26 501
4 27 153
4 28 992
4 29 626
4 30 903
4 31 701
4 32 239
4 33 405
4 34 959
4 35 266
4 36 355
4 37 73
4 38 621
4 39 672
4 40 422
4 41 29
4 42 814
4 43 304
4 44 241
4 45 845
4 46 523
4 47 582
4 48 228
4 49 257
5 6 511
5 7 158
5 8 192
5 9 468
5 10 532
5 11 500
5 12 582
5 13 797
5 14 847
5 15 586
5 16 757
5 17 873
5 18 784
5 19 758
5 20 433
5 21 543
5 22 451
5 23 689
5 24 598
5 25 651
5 26 561
5 27 41
5 28 1
5 29 980
5 30 960
5 31 856
5 32 343
5 33 454
5 34 782
5 35 563
5 36 795
5 37 201
5 38 34
5 39 940
5 40 925
5 41 16
5 42 12
5 43 9
5 44 558
5 45 82
5 46 304
5 47 114
5 48 437
5 49 860
6 7 103
6 8 551
6 9 973
6 10 534
6 11 541
6 12 672
6 13 700
6 14 785
6 15 516
6 16 794
6 17 381
6 18 440
6 19 752
6 20 113
6 21 119
6 22 500
6 23 889
6 24 256
6 25 492
6 26 909
6 27 740
6 28 91
6 29 324
6 30 248
6 31 194
6 32 310
6 33 167
6 34 988
6 35 967
6 36 587
6 37 878
6 38 612
6 39 540
6 40 664
6 41 291
6 42 64
6 43 190
6 44 158
6 45 836
6 46 60
6 47 493
6 48 844
6 49 556
7 8 959
7 9 942
7 10 418
7 11 842
7 12 965
7 13 481
7 14 438
7 15 408
7 16 30
7 17 11
7 18 514
7 19 453
7 20 709
7 21 814
7 22 972
7 23 59
7 24 722
7 25 620
7 26 4
7 27 546
7 28 0
7 29 624
7 30 226
7 31 595
7 32 207
7 33 509
7 34 246
7 35 798
7 36 747
7 37 884
7 38 181
7 39 597
7 40 939
7 41 506
7 42 195
7 43 167
7 44 915
7 45 744
7 46 428
7 47 478
7 48 291
7 49 617
8 9 961
8 10 600
8 11 326
8 12 920
8 13 945
8 14 266
8 15 875
8 16 128
8 17 518
8 18 288
8 19 48
8 20 801
8 21 820
8 22 318
8 23 882
8 24 458
8 25 413
8 26 531
8 27 198
8 28 697
8 29 183
8 30 264
8 31 395
8 32 501
8 33 484
8 34 366
8 35 797
8 36 317
8 37 466
8 38 21
8 39 340
8 40 709
8 41 105
8 42 134
8 43 411
8 44 480
8 45 799
8 46 970
8 47 194
8 48 969
8 49 591
9 10 32
9 11 396
9 12 601
9 13 342
9 14 435
9 15 929
9 16 613
9 17 221
9 18 594
9 19 381
9 20 93
9 21 378
9 22 398
9 23 31
9 24 365
9 25 478
9 26 327
9 27 444
9 28 688
9 29 408
9 30 744
9 31 441
9 32 360
9 33 465
9 34 502
9 35 124
9 36 79
9 37 486
9 38 205
9 39 268
9 40 545
9 41 841
9 42 395
9 43 836
9 44 936
9 45 72
9 46 74
9 47 269
9 48 702
9 49 917
10 11 395
10 12 185
10 13 311
10 14 908
10 15 222
10 16 96
10 17 157
10 18 752
10 19 323
10 20 838
10 21 193
10 22 494
10 23 196
10 24 939
10 25 185
10 26 945
10 27 376
10 28 10
10 29 916
10 30 340
10 31 386
10 32 307
10 33 335
10 34 35
10 35 71
10 36 9
10 37 868
10 38 211
10 39 516
10 40 740
10 41 838
10 42 61
10 43 494
10 44 344
10 45 511
10 46 767
10 47 576
10 48 757
10 49 546
11 12 962
11 13 9
11 14 277
11 15 89
11 16 813
11 17 851
11 18 97
11 19 487
11 20 65
11 21 204
11 22 764
11 23 39
11 24 547
11 25 545
11 26 670
11 27 972
11 28 789
11 29 142
11 30 402
11 31 311
11 32 270
11 33 888
11 34 264
11 35 212
11 36 901
11 37 836
11 38 444
11 39 701
11 40 330
11 41 684
11 42 566
11 43 126
11 44 685
11 45 657
11 46 744
11 47 479
11 48 836
11 49 492
12 13 563
12 14 653
12 15 729
12 16 123
12 17 162
12 18 953
12 19 442
12 20 330
12 21 565
12 22 471
12 23 336
12 24 840
12 25 191
12 26 560
12 27 449
12 28 934
12 29 913
12 30 937
12 31 230
12 32 211
12 33 757
12 34 274
12 35 893
12 36 923
12 37 155
12 38 799
12 39 343
12 40 155
12 41 303
12 42 83
12 43 955
12 44 591
12 45 65
12 46 216
12 47 994
12 48 116
12 49 668
13 14 936
13 15 441
13 16 310
13 17 352
13 18 928
13 19 59
13 20 475
13 21 633
13 22 295
13 23 492
13 24 550
13 25 373
13 26 203
13 27 63
13 28 797
13 29 633
13 30 236
13 31 64
13 32 516
13 33 77
13 34 160
13 35 514
13 36 544
13 37 403
13 38 773
13 39 875
13 40 468
13 41 252
13 42 98
13 43 459
13 44 319
13 45 291
13 46 726
13 47 417
13 48 900
13 49 8
14 15 359
14 16 190
14 17 513
14 18 134
14 19 813
14 20 368
14 21 713
14 22 718
14 23 892
14 24 192
14 25 154
14 26 810
14 27 749
14 28 372
14 29 535
14 30 730
14 31 878
14 32 854
14 33 711
14 34 411
14 35 270
14 36 451
14 37 60
14 38 619
14 39 834
14 40 948
14 41 949
14 42 726
14 43 138
14 44 785
14 45 364
14 46 124
14 47 628
14 48 881
14 49 569
15 16 184
15 17 24
15 18 588
15 19 853
15 20 635
15 21 195
15 22 865
15 23 456
15 24 639
15 25 53
15 26 192
15 27 972
15 28 669
15 29 10
15 30 169
15 31 928
15 32 7
15 33 213
15 34 923
15 35 918
15 36 46
15 37 808
15 38 830
15 39 372
15 40 517
15 41 373
15 42 113
15 43 119
15 44 676
15 45 752
15 46 829
15 47 803
15 48 959
15 49 994
16 17 584
16 18 948
16 19 196
16 20 224
16 21 411
16 22 265
16 23 624
16 24 538
16 25 284
16 26 436
16 27 291
16 28 765
16 29 421
16 30 851
16 31 23
16 32 554
16 33 147
16 34 514
16 35 797
16 36 556
16 37 392
16 38 110
16 39 593
16 40 14
16 41 889
16 42 963
16 43 489
16 44 826
16 45 953
16 46 600
16 47 713
16 48 867
16 49 636
17 18 126
17 19 90
17 20 172
17 21 541
17 22 756
17 23 118
17 24 750
17 25 560
17 26 150
17 27 613
17 28 198
17 29 649
17 30 985
17 31 676
17 32 165
17 33 827
17 34 168
17 35 217
17 36 231
17 37 306
17 38 995
17 39 264
17 40 492
17 41 146
17 42 314
17 43 73
17 44 634
17 45 717
17 46 886
17 47 88
17 48 705
17 49 177
18 19 665
18 20 619
18 21 150
18 22 351
18 23 489
18 24 624
18 25 544
18 26 245
18 27 954
18 28 340
18 29 214
18 30 45
18 31 753
18 32 29
18 33 767
18 34 588
18 35 817
18 36 337
18 37 136
18 38 556
18 39 545
18 40 924
18 41 162
18 42 602
18 43 204
18 44 486
18 45 41
18 46 505
18 47 743
18 48 107
18 49 422
19 20 485
19 21 927
19 22 241
19 23 886
19 24 553
19 25 641
19 26 494
19 27 697
19 28 482
19 29 840
19 30 951
19 31 171
19 32 417
19 33 659
19 34 66
19 35 999
19 36 669
19 37 12
19 38 37
19 39 655
19 40 350
19 41 130
19 42 420
19 43 221
19 44 828
19 45 47
19 46 239
19 47 526
19 48 550
19 49 171
20 21 178
20 22 81
20 23 227
20 24 191
20 25 28
20 26 956
20 27 476
20 28 3
20 29 696
20 30 599
20 31 799
20 32 649
20 33 151
20 34 743
20 35 422
20 36 359
20 37 83
20 38 813
20 39 158
20 40 993
20 41 813
20 42 324
20 43 905
20 44 197
20 45 145
20 46 487
20 47 773
20 48 877
20 49 389
21 22 489
21 23 235
21 24 712
21 25 789
21 26 594
21 27 448
21 28 817
21 29 898
21 30 320
21 31 599
21 32 519
21 33 119
21 34 28
21 35 573
21 36 603
21 37 954
21 38 217
21 39 403
21 40 126
21 41 833
21 42 81
21 43 296
21 44 776
21 45 546
21 46 296
21 47 660
21 48 418
21 49 641
22 23 927
22 24 6
22 25 109
22 26 679
22 27 410
22 28 560
22 29 368
22 30 349
22 31 258
22 32 582
22 33 86
22 34 925
22 35 91
22 36 250
22 37 981
22 38 497
22 39 607
22 40 330
22 41 313
22 42 762
22 43 802
22 44 784
22 45 847
22 46 611
22 47 292
22 48 937
22 49 602
23 24 731
23 25 106
23 26 904
23 27 241
23 28 606
23 29 589
23 30 248
23 31 543
23 32 469
23 33 921
23 34 141
23 35 682
23 36 649
23 37 983
23 38 907
23 39 357
23 40 796
23 41 228
23 42 141
23 43 334
23 44 952
23 45 112
23 46 680
23 47 0
23 48 894
23 49 552
24 25 374
24 26 562
24 27 633
24 28 317
24 29 555
24 30 254
24 31 248
24 32 906
24 33 3
24 34 571
24 35 583
24 36 209
24 37 530
24 38 827
24 39 967
24 40 271
24 41 211
24 42 886
24 43 793
24 44 67
24 45 90
24 46 142
24 47 583
24 48 844
24 49 137
25 26 137
25 27 452
25 28 936
25 29 150
25 30 274
25 31 214
25 32 677
25 33 595
25 34 159
25 35 731
25 36 340
25 37 6
25 38 204
25 39 361
25 40 233
25 41 247
25 42 623
25 43 501
25 44 604
25 45 341
25 46 762
25 47 765
25 48 91
25 49 152
26 27 829
26 28 574
26 29 958
26 30 176
26 31 337
26 32 743
26 33 361
26 34 181
26 35 30
26 36 115
26 37 86
26 38 117
26 39 357
26 40 43
26 41 696
26 42 257
26 43 679
26 44 354
26 45 769
26 46 760
26 47 772
26 48 951
26 49 237
27 28 539
27 29 765
27 30 903
27 31 973
27 32 479
27 33 995
27 34 840
27 35 629
27 36 198
27 37 437
27 38 399
27 39 182
27 40 831
27 41 686
27 42 810
27 43 429
27 44 369
27 45 109
27 46 679
27 47 186
27 48 107
27 49 323
28 29 12
28 30 586
28 31 784
28 32 473
28 33 101
28 34 325
28 35 443
28 36 127
28 37 745
28 38 456
28 39 167
28 40 749
28 41 484
28 42 900
28 43 898
28 44 94
28 45 783
28 46 750
28 47 501
28 48 328
28 49 756
29 30 653
29 31 101
29 32 318
29 33 10
29 34 471
29 35 645
29 36 783
29 37 495
29 38 780
29 39 498
29 40 700
29 41 673
29 42 633
29 43 518
29 44 117
29 45 420
29 46 111
29 47 526
29 48 356
29 49 159
30 31 41
30 32 268
30 33 944
30 34 255
30 35 818
30 36 701
30 37 940
30 38 570
30 39 468
30 40 523
30 41 430
30 42 53
30 43 434
30 44 652
30 45 512
30 46 879
30 47 599
30 48 874
30 49 610
31 32 835
31 33 493
31 34 50
31 35 790
31 36 194
31 37 47
31 38 117
31 39 731
31 40 143
31 41 615
31 42 865
31 43 163
31 44 153
31 45 529
31 46 360
31 47 333
31 48 677
31 49 77
32 33 536
32 34 332
32 35 561
32 36 649
32 37 882
32 38 357
32 39 546
32 40 437
32 41 532
32 42 629
32 43 103
32 44 774
32 45 767
32 46 768
32 47 284
32 48 100
32 49 137
33 34 587
33 35 592
33 36 115
33 37 388
33 38 588
33 39 719
33 40 941
33 41 701
33 42 101
33 43 144
33 44 70
33 45 117
33 46 516
33 47 528
33 48 879
33 49 508
34 35 453
34 36 733
34 37 541
34 38 113
34 39 575
34 40 412
34 41 959
34 42 635
34 43 179
34 44 292
34 45 107
34 46 420
34 47 817
34 48 345
34 49 993
35 36 289
35 37 466
35 38 34
35 39 278
35 40 523
35 41 111
35 42 746
35 43 578
35 44 352
35 45 872
35 46 627
35 47 434
35 48 827
35 49 782
36 37 503
36 38 40
36 39 568
36 40 570
36 41 141
36 42 6
36 43 297
36 44 395
36 45 906
36 46 911
36 47 779
36 48 60
36 49 597
37 38 558
37 39 9
37 40 931
37 41 370
37 42 412
37 43 649
37 44 116
37 45 304
37 46 126
37 47 330
37 48 36
37 49 907
38 39 629
38 40 828
38 41 798
38 42 714
38 43 541
38 44 856
38 45 193
38 46 378
38 47 758
38 48 284
38 49 96
39 40 297
39 41 830
39 42 200
39 43 281
39 44 900
39 45 357
39 46 627
39 47 15
39 48 90
39 49 703
40 41 167
40 42 672
40 43 95
40 44 518
40 45 209
40 46 911
40 47 802
40 48 565
40 49 234
41 42 19
41 43 567
41 44 582
41 45 985
41 46 814
41 47 669
41 48 157
41 49 494
42 43 39
42 44 849
42 45 387
42 46 840
42 47 833
42 48 794
42 49 340
43 44 440
43 45 82
43 46 187
43 47 977
43 48 460
43 49 172
44 45 228
44 46 39
44 47 837
44 48 447
44 49 640
45 46 317
45 47 113
45 48 309
45 49 81
46 47 418
46 48 42
46 49 869
47 48 640
47 49 541
48 49 293