50 304 0 1
0 3 249
0 4 233
0 7 229
0 12 824
0 16 476
0 19 84
0 22 326
0 35 802
0 39 351
0 47 126
0 49 539
1 3 386
1 8 568
1 10 228
1 16 3
1 22 857
1 27 355
1 29 580
1 38 614
1 40 830
1 46 190
1 48 294
2 4 201
2 5 897
2 10 858
2 13 585
2 14 492
2 19 236
2 27 685
2 28 73
2 29 6
2 30 661
2 36 195
2 38 297
2 43 782
2 44 486
3 9 642
3 25 954
3 27 257
3 32 768
3 38 703
3 45 280
3 46 595
3 47 831
4 11 285
4 12 727
4 15 760
4 16 186
4 22 727
4 23 636
4 30 163
4 33 679
4 43 594
4 45 946
5 8 141
5 10 16
5 13 440
5 16 27
5 22 114
5 25 915
5 26 465
5 29 592
5 36 951
5 37 784
5 38 990
5 44 304
5 48 779
5 49 359
6 7 521
6 12 637
6 18 140
6 25 668
6 26 473
6 27 436
6 29 483
6 31 10
6 32 865
6 41 464
6 44 567
6 47 838
7 10 425
7 12 851
7 18 976
7 29 683
7 34 550
7 35 500
7 37 936
7 44 33
7 47 313
8 9 195
8 10 529
8 11 470
8 16 806
8 17 873
8 27 205
8 32 631
8 35 812
8 36 506
8 46 190
8 48 869
9 11 173
9 12 58
9 13 328
9 14 162
9 17 881
9 24 785
9 28 640
9 33 87
9 34 466
9 37 348
9 39 337
9 40 410
9 41 244
9 42 158
9 43 357
9 44 432
9 47 467
10 25 602
10 28 536
10 33 162
10 38 836
10 46 817
10 48 953
11 13 662
11 18 968
11 19 42
11 22 933
11 26 886
11 27 902
11 32 230
11 35 104
11 42 282
11 43 646
12 15 905
12 24 725
12 30 315
12 31 207
12 40 872
12 43 794
12 46 78
12 48 866
12 49 541
13 17 161
13 20 561
13 22 20
13 27 600
13 29 220
13 32 796
13 34 371
13 35 978
13 42 182
13 43 229
13 47 690
14 15 849
14 19 322
14 27 220
14 30 779
14 32 474
14 33 229
14 38 879
14 39 403
14 40 961
14 42 679
14 46 525
15 18 101
15 19 432
15 22 886
15 23 547
15 33 162
15 38 730
15 39 339
15 43 746
15 47 917
16 24 430
16 43 24
17 18 627
17 22 887
17 28 235
17 29 952
17 30 224
17 32 428
17 38 976
17 39 521
17 41 440
17 46 794
17 47 230
18 20 441
18 21 469
18 28 71
18 29 536
18 38 892
18 39 890
18 41 870
18 45 330
18 46 218
19 23 174
19 24 256
19 27 942
19 28 494
19 29 114
19 30 771
19 31 574
19 33 683
19 42 914
19 45 37
19 47 627
20 29 348
20 35 813
20 39 975
20 45 711
20 49 273
21 46 856
21 47 328
21 48 414
22 24 45
22 25 314
22 26 613
22 27 764
22 38 834
22 48 559
22 49 175
23 25 147
23 27 782
23 34 718
23 41 26
23 46 531
23 47 638
24 27 877
24 32 149
24 33 118
24 35 85
24 37 3
24 38 595
24 46 402
24 49 786
25 28 560
25 32 446
25 43 276
26 28 116
26 29 350
26 39 442
26 41 229
26 43 161
26 47 350
27 37 460
27 38 30
27 39 552
27 48 180
28 32 888
28 35 199
28 36 421
28 37 242
28 42 816
28 46 815
28 49 995
29 30 501
29 42 562
29 48 287
30 39 943
30 42 618
30 48 473
30 49 939
31 32 716
31 35 186
31 38 939
31 44 547
32 34 49
32 36 843
32 43 848
32 44 88
33 36 391
33 44 409
33 49 465
34 37 645
34 38 540
34 49 839
35 36 618
35 42 950
35 46 637
36 39 496
36 46 889
36 48 861
37 38 289
37 41 806
37 45 23
37 49 13
38 46 745
38 49 901
39 47 655
39 48 278
39 49 748
41 42 884
41 44 622
41 46 718
41 47 734
41 49 94
43 46 769
43 48 934
44 45 850
44 48 632
45 49 556
46 47 902
46 49 227
47 49 954