50 603 0 1
0 5 512
0 6 206
0 8 952
0 9 979
0 10 303
0 11 539
0 13 220
0 14 687
0 15 392
0 16 824
0 18 163
0 19 36
0 20 37
0 26 637
0 30 994
0 32 62
0 34 400
0 35 310
0 37 967
0 38 185
0 39 592
0 42 983
0 46 620
0 47 305
0 48 477
1 2 316
1 5 141
1 6 892
1 8 282
1 11 750
1 12 177
1 14 157
1 15 754
1 17 371
1 21 65
1 22 225
1 23 757
1 26 639
1 29 44
1 33 212
1 35 557
1 36 219
1 40 153
1 41 837
1 42 350
1 44 849
1 45 977
1 49 447
2 3 576
2 5 997
2 8 252
2 9 41
2 12 23
2 15 372
2 17 980
2 20 782
2 24 541
2 26 957
2 28 160
2 29 411
2 30 740
2 31 523
2 34 353
2 36 733
2 37 505
2 42 9
2 47 841
3 4 577
3 6 301
3 7 317
3 14 81
3 17 56
3 24 611
3 26 624
3 29 213
3 31 765
3 32 261
3 33 114
3 36 513
3 37 718
3 38 308
3 41 130
3 43 914
3 44 565
3 45 216
3 46 876
3 48 552
3 49 225
4 9 631
4 10 245
4 11 281
4 14 378
4 17 692
4 20 365
4 21 329
4 22 226
4 23 288
4 24 857
4 25 471
4 26 291
4 27 277
4 30 280
4 31 319
4 34 712
4 38 213
4 39 383
4 40 996
4 41 154
4 43 1
4 44 103
4 48 319
5 7 275
5 8 513
5 10 889
5 13 916
5 14 381
5 15 275
5 16 139
5 19 80
5 21 372
5 22 969
5 24 959
5 25 268
5 26 68
5 27 256
5 31 766
5 32 520
5 33 128
5 34 548
5 35 533
5 36 311
5 38 944
5 39 396
5 40 374
5 41 17
5 42 98
5 43 131
5 44 602
5 45 509
5 46 423
5 47 468
5 49 728
6 9 225
6 11 465
6 13 880
6 14 85
6 15 248
6 20 626
6 24 683
6 25 779
6 28 652
6 29 722
6 31 803
6 33 860
6 35 424
6 38 48
6 39 570
6 41 86
6 42 825
6 43 393
7 12 134
7 13 651
7 14 185
7 17 291
7 18 773
7 19 738
7 21 375
7 24 742
7 28 465
7 35 122
7 36 393
7 41 897
7 44 857
7 45 791
7 48 798
8 12 347
8 13 848
8 14 604
8 15 146
8 17 264
8 19 826
8 20 706
8 22 269
8 23 640
8 26 298
8 27 117
8 28 945
8 29 486
8 30 963
8 34 188
8 35 868
8 37 82
8 38 254
8 39 195
8 41 477
8 42 978
8 44 348
8 45 121
8 46 212
8 48 756
8 49 678
9 11 769
9 14 376
9 17 431
9 20 637
9 21 919
9 22 421
9 25 173
9 27 324
9 29 718
9 30 643
9 35 751
9 36 600
9 38 462
9 41 733
9 43 137
9 45 946
9 47 744
9 48 930
10 13 735
10 14 597
10 15 947
10 16 529
10 17 928
10 19 429
10 21 366
10 29 328
10 30 606
10 31 627
10 32 808
10 33 773
10 36 604
10 38 472
10 39 410
10 43 281
10 45 101
10 46 469
10 48 502
11 16 458
11 17 121
11 18 492
11 19 639
11 20 744
11 21 697
11 22 156
11 25 160
11 27 374
11 29 758
11 30 802
11 31 766
11 34 21
11 35 286
11 38 511
11 39 261
11 40 693
11 41 899
11 43 266
11 46 266
11 47 818
11 48 845
11 49 182
12 20 496
12 21 91
12 23 817
12 24 782
12 27 313
12 28 494
12 29 715
12 30 376
12 31 827
12 32 949
12 39 910
12 41 119
12 43 514
12 47 701
13 14 637
13 15 608
13 16 118
13 18 969
13 19 38
13 23 686
13 25 595
13 27 116
13 28 317
13 29 536
13 30 341
13 31 408
13 38 688
13 39 410
13 40 122
13 49 942
14 16 987
14 18 789
14 20 185
14 22 847
14 24 788
14 25 376
14 27 293
14 28 941
14 30 156
14 35 112
14 38 683
14 39 547
14 47 208
14 49 99
15 16 377
15 17 716
15 20 179
15 21 273
15 22 604
15 26 97
15 27 450
15 28 778
15 37 34
15 38 454
15 43 659
15 46 576
15 49 664
16 17 514
16 18 534
16 20 570
16 22 837
16 24 486
16 26 393
16 27 934
16 31 803
16 34 939
16 35 924
16 36 965
16 40 41
16 43 468
16 46 287
16 47 782
16 48 259
16 49 998
17 19 416
17 20 499
17 21 427
17 22 321
17 23 682
17 31 133
17 33 609
17 35 154
17 37 276
17 38 564
17 39 116
17 40 934
17 42 431
17 43 556
17 44 155
17 47 816
17 49 265
18 21 471
18 23 937
18 25 567
18 27 152
18 28 316
18 29 401
18 31 773
18 32 752
18 35 18
18 39 166
18 41 110
18 42 656
19 21 253
19 22 829
19 23 662
19 24 519
19 25 569
19 28 348
19 29 16
19 30 887
19 31 257
19 32 165
19 33 567
19 34 450
19 35 344
19 36 381
19 38 208
19 39 622
19 42 753
19 43 639
19 44 928
19 45 449
19 48 149
19 49 948
20 21 817
20 22 566
20 24 968
20 26 815
20 27 284
20 29 861
20 31 975
20 37 41
20 41 194
20 42 323
20 43 867
20 44 58
20 47 955
20 48 795
20 49 83
21 22 843
21 23 214
21 24 896
21 25 123
21 26 468
21 28 763
21 30 394
21 32 47
21 34 158
21 35 172
21 36 356
21 37 502
21 38 576
21 39 186
21 40 889
21 41 551
21 43 989
21 44 493
21 47 92
21 48 589
22 24 872
22 27 482
22 30 692
22 32 312
22 33 682
22 34 90
22 36 500
22 38 734
22 39 453
22 40 127
22 43 187
22 47 921
22 48 36
23 26 961
23 27 201
23 29 6
23 30 976
23 31 195
23 32 132
23 35 710
23 37 769
23 38 886
23 40 55
23 44 57
23 45 800
23 47 209
23 48 491
23 49 522
24 26 661
24 28 11
24 29 880
24 30 978
24 31 601
24 32 712
24 35 131
24 36 793
24 37 299
24 38 135
24 39 666
24 40 269
24 41 925
24 43 221
24 45 958
25 27 361
25 29 207
25 31 261
25 32 995
25 33 391
25 37 319
25 38 212
25 39 986
25 40 336
25 43 545
25 44 893
25 45 975
25 48 320
26 29 49
26 31 298
26 34 762
26 35 417
26 37 0
26 38 484
26 39 127
26 40 342
26 43 563
26 44 634
26 46 821
26 47 735
26 49 988
27 29 843
27 31 902
27 32 596
27 33 734
27 34 450
27 37 217
27 42 96
27 43 225
27 47 745
28 31 875
28 33 715
28 34 284
28 35 603
28 36 614
28 39 597
28 43 199
28 48 649
28 49 529
29 30 172
29 32 547
29 33 115
29 40 68
29 41 433
29 43 182
29 45 985
30 36 413
30 38 509
30 39 651
30 40 319
30 43 523
30 47 164
30 49 194
31 34 820
31 35 629
31 37 924
31 38 486
31 41 557
31 42 773
31 43 724
31 44 561
31 45 418
31 47 69
31 49 233
32 38 874
32 39 576
32 46 2
32 47 383
33 34 933
33 35 624
33 37 924
33 40 581
33 41 20
33 42 835
33 43 969
33 44 442
33 48 947
33 49 737
34 36 154
34 40 258
34 48 887
34 49 998
35 37 149
35 39 663
35 40 205
35 42 441
35 43 531
35 48 723
36 37 990
36 39 132
36 40 573
36 44 510
36 45 551
36 46 549
36 48 61
37 40 14
37 46 667
38 39 267
38 40 351
38 41 308
38 42 578
38 44 648
38 46 922
38 47 995
39 40 624
39 41 53
39 42 475
39 44 516
40 41 94
40 46 714
40 49 11
41 42 340
41 43 699
41 45 499
41 46 899
41 47 805
41 48 642
41 49 218
42 44 917
42 46 633
43 44 848
43 45 241
43 48 391
44 46 364
44 47 218
44 48 465
45 47 499
45 48 62
45 49 892
46 47 393
46 48 186
47 48 873
47 49 795
48 49 753